product_id,neg,neu,pos,compound
B07JW9H4J1,0.032,0.744,0.224,0.9033
B098NS6PVG,0.01,0.821,0.169,0.9853
B096MSW6CT,0.0,0.641,0.359,0.6808
B08HDJ86NZ,0.028,0.8,0.172,0.8316
B08CF3B7N1,0.116,0.719,0.165,0.9809
B08Y1TFSP6,0.087,0.573,0.34,0.6611
B08WRWPM22,0.028,0.864,0.109,0.8735
B08DDRGWTJ,0.051,0.801,0.148,0.9334
B082LZGK39,0.01,0.821,0.169,0.9853
B08CF3D7QR,0.064,0.797,0.139,0.9236
B0789LZTCJ,0.028,0.8,0.172,0.8316
B085DTN6R2,0.04,0.691,0.269,0.9877
B09KLVMZ3B,0.025,0.768,0.207,0.9719
B083342NKJ,0.038,0.658,0.304,0.9698
B0B6F7LX4C,0.123,0.613,0.264,0.9625
B082LSVT4B,0.01,0.821,0.169,0.9853
B08WRBG3XW,0.089,0.834,0.077,-0.2724
B08DPLCM6T,0.108,0.678,0.214,0.875
B09C6HXFC1,0.0,0.631,0.369,0.9918
B085194JFL,0.066,0.843,0.09,0.1729
B09F6S8BT6,0.17,0.745,0.085,-0.8476
B09NHVCHS9,0.0,0.713,0.287,0.9817
B0B1YVCJ2Y,0.05,0.782,0.168,0.9988
B01M4GGIVU,0.054,0.782,0.164,0.9816
B08B42LWKN,0.062,0.78,0.157,0.9966
B094JNXNPV,0.066,0.833,0.101,0.7626
B09W5XR9RT,0.0,0.788,0.212,0.9686
B077Z65HSD,0.013,0.781,0.206,0.9849
B00NH11PEY,0.019,0.881,0.1,0.9387
B09CMM3VGK,0.047,0.812,0.141,0.9695
B08QSC1XY8,0.029,0.742,0.229,0.96
B008FWZGSG,0.0,0.707,0.293,0.9771
B0B4HJNPV4,0.023,0.827,0.15,0.836
B08Y1SJVV5,0.082,0.542,0.376,0.8081
B07XLCFSSN,0.034,0.695,0.271,0.9934
B09RZS1NQT,0.049,0.701,0.25,0.9906
B0B3MMYHYW,0.119,0.784,0.097,-0.9821
B09C6HWG18,0.045,0.754,0.201,0.9839
B09JPC82QC,0.056,0.78,0.164,0.9998
B07JW1Y6XV,0.032,0.744,0.224,0.9033
B07KRCW6LZ,0.049,0.77,0.181,0.969
B09NJN8L25,0.0,0.713,0.287,0.9817
B07XJYYH7L,0.046,0.927,0.027,-0.1531
B002PD61Y4,0.049,0.787,0.164,0.8718
B09L8DSSFH,0.052,0.773,0.174,0.9612
B07232M876,0.048,0.826,0.127,0.9989
B07P681N66,0.055,0.848,0.098,0.9846
B0711PVX6Z,0.048,0.826,0.127,0.9989
B082T6V3DT,0.015,0.815,0.169,0.9893
B07MKFNHKG,0.042,0.871,0.087,0.9516
B0BFWGBX61,0.059,0.71,0.231,0.9562
B01N90RZ4M,0.05,0.811,0.139,0.5719
B09Q5SWVBJ,0.062,0.78,0.157,0.9966
B0B4DT8MKT,0.035,0.78,0.185,0.9651
B08CDKQ8T6,0.0,0.842,0.158,0.8719
B07B275VN9,0.022,0.822,0.156,0.8854
B0B15CPR37,0.047,0.8,0.152,0.9984
B0994GFWBH,0.063,0.855,0.081,0.1181
B01GGKZ0V6,0.056,0.78,0.164,0.9291
B09F9YQQ7B,0.069,0.75,0.181,0.9836
B09Q8HMKZX,0.022,0.753,0.225,0.9896
B0B9XN9S3W,0.033,0.833,0.134,0.9657
B07966M8XH,0.0,0.774,0.226,0.96
B01GGKYKQM,0.0,0.793,0.207,0.9815
B0B86CDHL1,0.051,0.849,0.099,0.9129
B0B5ZF3NRK,0.016,0.766,0.218,0.9477
B09RFC46VP,0.069,0.75,0.181,0.9836
B08R69VDHT,0.035,0.789,0.176,0.9691
B09RWZRCP1,0.051,0.808,0.14,0.9929
B09CMP1SC8,0.053,0.735,0.212,0.9924
B09YLXYP7Y,0.026,0.676,0.298,0.9511
B09ZPM4C2C,0.02,0.859,0.122,0.886
B0B2DJDCPX,0.037,0.769,0.194,0.8402
B0BCZCQTJX,0.083,0.715,0.202,0.9786
B07LGT55SJ,0.032,0.744,0.224,0.9033
B09NKZXMWJ,0.0,0.713,0.287,0.9817
B08QX1CC14,0.07,0.734,0.195,0.9425
B0974H97TJ,0.0,0.719,0.281,0.9829
B07GVGTSLN,0.032,0.805,0.163,0.9577
B09VCHLSJF,0.119,0.784,0.097,-0.9821
B0B1YZX72F,0.05,0.782,0.168,0.9988
B092BJMT8Q,0.047,0.8,0.152,0.9984
B0BMXMLSMM,0.044,0.662,0.294,0.9934
B07JH1C41D,0.032,0.744,0.224,0.9033
B0141EZMAI,0.024,0.821,0.155,0.9036
B09Q5P2MT3,0.062,0.78,0.157,0.9966
B08HDH26JX,0.028,0.8,0.172,0.8316
B09VT6JKRP,0.0,0.735,0.265,0.9636
B09T3KB6JZ,0.019,0.88,0.101,0.9879
B093QCY6YJ,0.0,0.876,0.124,0.7933
B093ZNQZ2Y,0.048,0.78,0.172,0.9401
B08LKS3LSP,0.077,0.839,0.084,0.1546
B00V4BGDKU,0.053,0.791,0.156,0.9919
B08CHKQ8D4,0.049,0.769,0.183,0.9145
B09BW334ML,0.057,0.719,0.223,0.8934
B082T6GVLJ,0.064,0.757,0.18,0.8501
B07DL1KC3H,0.074,0.801,0.125,0.8014
B0B6F98KJJ,0.123,0.613,0.264,0.9625
B07JNVF678,0.044,0.757,0.199,0.9774
B09QGZFBPM,0.073,0.622,0.305,0.9895
B07JGDB5M1,0.032,0.744,0.224,0.9033
B0981XSZJ7,0.035,0.776,0.19,0.9727
B0B9XLX8VR,0.069,0.758,0.174,0.995
B08Y5KXR6Z,0.087,0.573,0.34,0.6611
B09F6VHQXB,0.052,0.694,0.253,0.974
B0974G5Q2Y,0.013,0.781,0.206,0.9849
B09YL9SN9B,0.023,0.754,0.223,0.9975
B09RX1FK54,0.051,0.808,0.14,0.9929
B09TT6BFDX,0.0,0.739,0.261,0.8727
B09KH58JZR,0.099,0.833,0.068,-0.8288
B09DDCQFMT,0.06,0.766,0.174,0.8402
B08RP2L2NL,0.05,0.855,0.094,0.6475
B0B4G2MWSB,0.063,0.855,0.081,0.1181
B0B21C4BMX,0.076,0.735,0.189,0.9557
B084MZXJNK,0.116,0.685,0.199,0.7896
B0BHZCNC4P,0.0,0.913,0.087,0.6249
B0B16KD737,0.041,0.795,0.164,0.8984
B099K9ZX65,0.043,0.767,0.19,0.9986
B08Y55LPBF,0.069,0.75,0.181,0.9836
B015OW3M1W,0.028,0.807,0.166,0.9785
B01D5H8ZI8,0.09,0.811,0.099,-0.2621
B09X1M3DHX,0.035,0.657,0.309,0.9418
B09MM6P76N,0.032,0.771,0.197,0.9916
B01D5H8LDM,0.0,0.771,0.229,0.958
B0B1YY6JJL,0.05,0.782,0.168,0.9988
B09QGZM8QB,0.073,0.622,0.305,0.9895
B08L4SBJRY,0.07,0.706,0.224,0.9883
B09X79PP8F,0.065,0.767,0.168,0.8045
B082T6GVG9,0.167,0.742,0.091,-0.6181
B0B3XY5YT4,0.108,0.737,0.155,0.934
B0B4HKH19N,0.023,0.827,0.15,0.836
B08TGG316Z,0.0,0.851,0.149,0.8583
B071VMP1Z4,0.089,0.817,0.094,-0.3434
B071SDRGWL,0.013,0.781,0.206,0.9849
B08PSQRW2T,0.032,0.832,0.136,0.9641
B0859M539M,0.055,0.848,0.098,0.9846
B08RX8G496,0.061,0.799,0.14,0.9422
B08CS3BT4L,0.07,0.804,0.125,0.9886
B00RFWNJMC,0.117,0.79,0.093,-0.3071
B082T6GXS5,0.07,0.691,0.238,0.9788
B09CMQRQM6,0.033,0.748,0.22,0.9951
B005LJQMCK,0.063,0.755,0.182,0.9457
B09C6H53KH,0.055,0.796,0.149,0.9743
B0BB3CBFBM,0.065,0.755,0.18,0.9913
B08QSDKFGQ,0.029,0.742,0.229,0.96
B08PV1X771,0.17,0.745,0.085,-0.8476
B07YTNKVJQ,0.051,0.801,0.148,0.9334
B0117H7GZ6,0.043,0.87,0.087,0.9778
B09XJ1LM7R,0.413,0.587,0.0,-0.7926
B084N133Y7,0.116,0.685,0.199,0.7896
B088Z1YWBC,0.027,0.793,0.179,0.9998
B07VSG5SXZ,0.054,0.824,0.122,0.8115
B08RWCZ6SY,0.098,0.779,0.123,0.3821
B07KSB1MLX,0.035,0.837,0.128,0.9745
B081FG1QYX,0.058,0.839,0.102,0.9448
B08R69WBN7,0.035,0.789,0.176,0.9691
B0B3RHX6B6,0.035,0.664,0.301,0.9246
B084N18QZY,0.043,0.747,0.211,0.9892
B081NHWT6Z,0.03,0.71,0.26,0.9826
B07JPJJZ2H,0.044,0.757,0.199,0.9774
B09JKNF147,0.0,0.807,0.193,0.9039
B0B9959XF3,0.084,0.656,0.26,0.9985
B09PNR6F8Q,0.019,0.799,0.182,0.9108
B07M69276N,0.016,0.832,0.152,0.9893
B0B1YZ9CB8,0.05,0.782,0.168,0.9988
B09YLYB9PB,0.026,0.676,0.298,0.9511
B08CTNJ985,0.052,0.82,0.128,0.9446
B0BP7XLX48,0.0,0.588,0.412,0.9382
B09LHXNZLR,0.0,0.774,0.226,0.9552
B0B3N8VG24,0.0,0.713,0.287,0.9817
B08PSVBB2X,0.032,0.832,0.136,0.9641
B0B3MQXNFB,0.0,0.713,0.287,0.9817
B08XMSKKMM,0.109,0.784,0.107,0.2981
B09L8DT7D6,0.024,0.614,0.362,0.948
B00GE55L22,0.0,0.839,0.161,0.9344
B0162K34H2,0.085,0.748,0.167,0.8725
B0B8SRZ5SV,0.034,0.695,0.271,0.9934
B07CWNJLPC,0.035,0.868,0.097,0.8316
B00NH12R1O,0.0,0.635,0.365,0.9825
B0B8SSC5D9,0.034,0.695,0.271,0.9934
B08WKG2MWT,0.073,0.622,0.305,0.9895
B0B466C3G4,0.024,0.853,0.123,0.9606
B005LJQMZC,0.063,0.755,0.182,0.9457
B07MDRGHWQ,0.042,0.871,0.087,0.9516
B0B15GSPQW,0.047,0.8,0.152,0.9984
B08GJNM9N7,0.028,0.656,0.316,0.9554
B09C6FML9B,0.131,0.764,0.105,-0.6026
B0B65MJ45G,0.026,0.88,0.094,0.6486
B08P9RYPLR,0.0,0.713,0.287,0.9817
B0B6F8HHR6,0.123,0.613,0.264,0.9625
B084MZXJN6,0.0,0.892,0.108,0.899
B08XMG618K,0.0,0.79,0.21,0.7935
B0BCKWZ884,0.01,0.619,0.371,0.9905
B00GGGOYEK,0.0,0.695,0.305,0.9684
B07ZR4S1G4,0.163,0.682,0.155,-0.0179
B09C635BMM,0.095,0.689,0.216,0.9869
B00GG59HU2,0.0,0.685,0.315,0.8885
B00RGLI0ZS,0.051,0.719,0.23,0.9939
B09ZPJT8B2,0.0,0.665,0.335,0.891
B07HZ2QCGR,0.075,0.837,0.088,0.9206
B095244Q22,0.032,0.749,0.219,0.9755
B08CKW1KH9,0.092,0.655,0.253,0.9421
B0BLV1GNLN,0.08,0.672,0.248,0.9781
B08RHPDNVV,0.076,0.817,0.106,0.3376
B00NH13Q8W,0.019,0.881,0.1,0.9387
B0B8SSZ76F,0.061,0.825,0.114,0.9275
B0841KQR1Z,0.068,0.795,0.137,0.6486
B0B467CCB9,0.0,0.833,0.167,0.5574
B095JQVC7N,0.063,0.856,0.081,0.849
B08PPHFXG3,0.096,0.746,0.159,0.5106
B06XR9PR5X,0.041,0.651,0.308,0.9388
B09JSW16QD,0.106,0.756,0.138,0.7644
B07JH1CBGW,0.032,0.744,0.224,0.9033
B09127FZCK,0.068,0.779,0.152,0.8334
B083GQGT3Z,0.125,0.753,0.121,-0.0161
B09Q8WQ5QJ,0.026,0.823,0.151,0.9932
B07YZG8PPY,0.042,0.818,0.14,0.9801
B09H39KTTB,0.101,0.755,0.144,0.362
B08DCVRW98,0.022,0.844,0.133,0.9072
B0718ZN31Q,0.081,0.66,0.259,0.9216
B0162LYSFS,0.0,0.87,0.13,0.4588
B07PFJ5VQD,0.051,0.77,0.178,0.8852
B01J8S6X2I,0.031,0.825,0.144,0.9886
B09MJ77786,0.091,0.645,0.263,0.9936
B09NNGHG22,0.01,0.864,0.125,0.9604
B07V5YF4ND,0.0,0.879,0.121,0.7003
B0B65P827P,0.026,0.88,0.094,0.6486
B084MZYBTV,0.014,0.782,0.204,0.9763
B097ZQTDVZ,0.067,0.843,0.091,0.558
B0B5F3YZY4,0.05,0.708,0.242,0.9967
B09G5TSGXV,0.086,0.747,0.167,0.8905
B006LW0WDQ,0.065,0.817,0.118,0.9734
B09YLX91QR,0.026,0.676,0.298,0.9511
B081FJWN52,0.058,0.839,0.102,0.9448
B0758F7KK7,0.094,0.756,0.15,0.913
B09L835C3V,0.037,0.85,0.113,0.7962
B098TV3L96,0.055,0.801,0.144,0.8883
B08NCKT9FG,0.0,0.719,0.281,0.9829
B0B4T6MR8N,0.023,0.827,0.15,0.836
B01GGKZ4NU,0.056,0.78,0.164,0.9291
B09BW2GP18,0.056,0.745,0.199,0.9393
B09WN3SRC7,0.043,0.778,0.179,0.9985
B09B125CFJ,0.016,0.795,0.188,0.984
B09RQRZW2X,0.124,0.79,0.085,-0.3352
B07924P3C5,0.054,0.811,0.135,0.9442
B08N1WL9XW,0.0,0.713,0.287,0.9817
B07VVXJ2P5,0.11,0.801,0.089,-0.4109
B0BC8BQ432,0.069,0.758,0.174,0.995
B06XFTHCNY,0.03,0.74,0.23,0.9779
B08CT62BM1,0.052,0.82,0.128,0.9446
B07CRL2GY6,0.028,0.8,0.172,0.8316
B07DWFX9YS,0.028,0.848,0.123,0.9154
B01D5H90L4,0.046,0.751,0.203,0.9926
B07F1P8KNV,0.032,0.805,0.163,0.9577
B084N1BM9L,0.0,0.892,0.108,0.899
B09F6D21BY,0.12,0.796,0.084,-0.5267
B09LQQYNZQ,0.158,0.752,0.09,-0.9808
B0BC9BW512,0.05,0.782,0.168,0.9988
B0B61HYR92,0.145,0.777,0.079,-0.4525
B075ZTJ9XR,0.0,0.849,0.151,0.9097
B0978V2CP6,0.067,0.86,0.073,0.4988
B09LRZYBH1,0.082,0.727,0.191,0.9125
B0B997FBZT,0.084,0.656,0.26,0.9985
B098LCVYPW,0.049,0.753,0.198,0.8874
B09HV71RL1,0.049,0.769,0.183,0.9145
B08PZ6HZLT,0.0,0.603,0.397,0.9643
B075TJHWVC,0.152,0.665,0.184,0.2732
B09LV13JFB,0.149,0.819,0.033,-0.7479
B092BL5DCX,0.047,0.8,0.152,0.9984
B09VH568H7,0.049,0.821,0.131,0.4939
B09HQSV46W,0.123,0.613,0.264,0.9625
B08TZD7FQN,0.047,0.776,0.177,0.8874
B0B21XL94T,0.061,0.781,0.158,0.9432
B09PTT8DZF,0.075,0.773,0.152,0.6486
B0B3XXSB1K,0.108,0.737,0.155,0.934
B08RZ12GKR,0.046,0.782,0.172,0.8922
B0B4T8RSJ1,0.023,0.827,0.15,0.836
B0B7B9V9QP,0.05,0.726,0.225,0.9849
B08XXVXP3J,0.119,0.79,0.091,-0.6542
B06XGWRKYT,0.101,0.806,0.093,-0.5404
B07CWDX49D,0.035,0.868,0.097,0.8316
B09TY4MSH3,0.052,0.822,0.126,0.9107
B07RY2X9MP,0.0,0.749,0.251,0.98
B0B2C5MJN6,0.029,0.765,0.206,0.9803
B0BBMGLQDW,0.0,0.747,0.253,0.8591
B01LONQBDG,0.021,0.844,0.134,0.9867
B08XXF5V6G,0.039,0.74,0.221,0.9292
B09HK9JH4F,0.037,0.85,0.113,0.7962
B09MMD1FDN,0.051,0.757,0.192,0.9611
B09HN7LD5L,0.0,0.786,0.214,0.9719
B0BNDD9TN6,0.0,0.822,0.178,0.8436
B0941392C8,0.042,0.911,0.047,0.1007
B01M5967SY,0.054,0.782,0.164,0.9816
B016MDK4F4,0.0,0.575,0.425,0.8126
B08G43CCLC,0.072,0.745,0.183,0.8094
B0B61GCHC1,0.049,0.676,0.275,0.9495
B07RX14W1Q,0.053,0.791,0.156,0.8952
B09PLD9TCD,0.0,0.762,0.238,0.9175
B0B8ZKWGKD,0.046,0.647,0.307,0.958
B09NNJ9WYM,0.108,0.662,0.23,0.9794
B08H5L8V1L,0.057,0.759,0.185,0.9617
B0B8CXTTG3,0.123,0.613,0.264,0.9625
B09HCH3JZG,0.011,0.892,0.097,0.9594
B097JVLW3L,0.062,0.767,0.171,0.9547
B09SB6SJB4,0.028,0.766,0.206,0.9674
B08NW8GHCJ,0.0,0.83,0.17,0.9456
B09YHLPQYT,0.02,0.759,0.22,0.9797
B08G1RW2Q3,0.0,0.814,0.186,0.964
B08YXJJW8H,0.037,0.682,0.28,0.9891
B09P8M18QM,0.067,0.815,0.117,0.273
B08BG4M4N7,0.032,0.7,0.268,0.9531
B07VJ9ZTXS,0.016,0.777,0.207,0.9951
B084872DQY,0.063,0.81,0.127,0.9955
B00GGGOYEU,0.101,0.75,0.149,0.7389
B08FD2VSD9,0.0,0.923,0.077,0.3818
B095JPKPH3,0.063,0.856,0.081,0.849
B087JWLZ2K,0.049,0.8,0.151,0.9921
B09DSXK8JX,0.0,0.762,0.238,0.9175
B08V9C4B1J,0.0,0.83,0.17,0.9456
B08PKBMJKS,0.021,0.878,0.101,0.9118
B0B8VQ7KDS,0.066,0.728,0.206,0.7003
B086JTMRYL,0.0,0.789,0.211,0.9169
B09RWQ7YR6,0.093,0.638,0.269,0.9936
B00OFM6PEO,0.0,0.644,0.356,0.9141
B0BF57RN3K,0.05,0.802,0.148,0.9952
B0B3RRWSF6,0.035,0.751,0.214,0.9995
B0B5B6PQCT,0.04,0.725,0.235,0.999
B0BBN4DZBD,0.035,0.788,0.177,0.9849
B0B3CPQ5PF,0.08,0.775,0.145,0.997
B0B3CQBRB4,0.08,0.775,0.145,0.997
B0BBN56J5H,0.035,0.788,0.177,0.9849
B0BBN3WF7V,0.035,0.788,0.177,0.9849
B0BDRVFDKP,0.02,0.841,0.139,0.85
B0B5LVS732,0.056,0.727,0.217,0.9953
B09V12K8NT,0.039,0.676,0.285,0.9843
B0BMGB3CH9,0.037,0.788,0.175,0.9977
B08D77XZX5,0.058,0.718,0.224,0.9855
B09XB8GFBQ,0.123,0.761,0.116,-0.0516
B07WG8PDCW,0.0,0.797,0.203,0.9481
B0BDYVC5TD,0.02,0.841,0.139,0.85
B0BMGB2TPR,0.037,0.788,0.175,0.9977
B08MC57J31,0.018,0.795,0.187,0.9898
B0746JGVDS,0.041,0.766,0.193,0.9894
B08VFF6JQ8,0.059,0.841,0.1,0.7958
B09NVPSCQT,0.057,0.831,0.112,0.7254
B09YV4RG4D,0.01,0.791,0.199,0.9921
B09TWHTBKQ,0.036,0.799,0.165,0.9998
B08L5HMJVW,0.02,0.841,0.139,0.85
B0B4F2XCK3,0.038,0.797,0.165,0.9973
B0BF54972T,0.05,0.802,0.148,0.9952
B09YV4MW2T,0.057,0.708,0.235,0.9972
B09TWH8YHM,0.036,0.799,0.165,0.9998
B07WGMMQGP,0.028,0.804,0.168,0.9385
B0BF563HB4,0.05,0.802,0.148,0.9952
B0BF4YBLPX,0.05,0.802,0.148,0.9952
B09XB7DPW1,0.123,0.761,0.116,-0.0516
B07PFJ5W31,0.051,0.77,0.178,0.8852
B0B3N7LR6K,0.021,0.792,0.188,0.9995
B09ZQK9X8G,0.026,0.87,0.105,0.8923
B07WJV6P1R,0.045,0.788,0.167,0.9726
B0BF54LXW6,0.05,0.802,0.148,0.9952
B09XB7SRQ5,0.123,0.761,0.116,-0.0516
B09FFK1PQG,0.0,0.801,0.199,0.9545
B09RMQYHLH,0.079,0.823,0.098,0.9315
B08ZN4B121,0.03,0.795,0.175,0.9945
B0B3RSDSZ3,0.035,0.751,0.214,0.9995
B08VB34KJ1,0.04,0.703,0.257,0.9486
B09T39K9YL,0.049,0.754,0.197,0.9985
B08VF8V79P,0.103,0.758,0.139,0.8307
B08G28Z33M,0.014,0.764,0.221,0.9565
B09PNKXSKF,0.057,0.831,0.112,0.7254
B0B5DDJNH4,0.04,0.725,0.235,0.999
B07WDKLDRX,0.069,0.806,0.125,0.9985
B09MQSCJQ1,0.021,0.783,0.196,0.9809
B094YFFSMY,0.0,0.869,0.131,0.9587
B08VS3YLRK,0.027,0.692,0.28,0.9701
B0B4F3QNDM,0.038,0.797,0.165,0.9973
B07WDKLRM4,0.045,0.788,0.167,0.9726
B0BP18W8TM,0.031,0.845,0.124,0.9747
B07GXHC691,0.077,0.715,0.208,0.9851
B08FN6WGDQ,0.059,0.752,0.189,0.9989
B0B3D39RKV,0.08,0.775,0.145,0.997
B085HY1DGR,0.021,0.737,0.242,0.9819
B08D75R3Z1,0.027,0.801,0.172,0.9985
B0B4F2TTTS,0.038,0.797,0.165,0.9973
B09WRMNJ9G,0.082,0.761,0.157,0.9982
B0B14MR9L1,0.036,0.799,0.165,0.9998
B09ZPL5VYM,0.0,0.853,0.147,0.8165
B0993BB11X,0.062,0.759,0.179,0.9754
B085W8CFLH,0.086,0.779,0.135,0.8796
B07RD611Z8,0.051,0.833,0.116,0.9981
B0B4F52B5X,0.038,0.797,0.165,0.9973
B096VF5YYF,0.05,0.799,0.152,0.9997
B0B5D39BCD,0.04,0.725,0.235,0.999
B09XBJ1CTN,0.048,0.754,0.198,0.984
B0B4F5L738,0.038,0.797,0.165,0.9973
B08MTCKDYN,0.0,0.831,0.169,0.8625
B09QS8V5N8,0.035,0.773,0.192,0.9998
B09T2WRLJJ,0.049,0.754,0.197,0.9985
B089WB69Y1,0.074,0.793,0.133,0.8394
B0116MIKKC,0.0,0.788,0.212,0.9522
B09P858DK8,0.048,0.741,0.212,0.9796
B07DJLFMPS,0.12,0.68,0.2,0.7184
B07WHQWXL7,0.045,0.788,0.167,0.9726
B07WDK3ZS6,0.045,0.788,0.167,0.9726
B09T2S8X9C,0.049,0.754,0.197,0.9985
B07N8RQ6W7,0.0,0.847,0.153,0.7964
B09FKDH6FS,0.047,0.777,0.175,0.8814
B07WGPKTS4,0.045,0.788,0.167,0.9726
B09MZCQYHZ,0.062,0.759,0.179,0.9754
B0B4F2ZWL3,0.038,0.797,0.165,0.9973
B08VB2CMR3,0.04,0.703,0.257,0.9486
B095RTJH1M,0.031,0.728,0.241,0.9987
B097R25DP7,0.055,0.788,0.157,0.8957
B07WDK3ZS2,0.017,0.86,0.123,0.9764
B08RZ5K9YH,0.028,0.735,0.237,0.9429
B08444S68L,0.021,0.828,0.151,0.9525
B07WHQBZLS,0.028,0.804,0.168,0.9385
B09JS562TP,0.069,0.79,0.142,0.5994
B09V17S2BG,0.0,0.738,0.262,0.9459
B0B5CGTBKV,0.04,0.725,0.235,0.999
B0B23LW7NV,0.02,0.772,0.209,0.9961
B09KGV7WSV,0.029,0.768,0.203,0.9963
B0971DWFDT,0.044,0.828,0.128,0.9278
B0BNV7JM5Y,0.06,0.715,0.226,0.9936
B0B53QFZPY,0.123,0.831,0.045,-0.607
B07WJWRNVK,0.028,0.804,0.168,0.9385
B01F25X6RQ,0.071,0.704,0.225,0.9593
B0B244R4KB,0.018,0.759,0.222,0.998
B0BMGG6NKT,0.037,0.788,0.175,0.9977
B092JHPL72,0.0,0.779,0.221,0.9807
B0B3MWYCHQ,0.019,0.823,0.158,0.9921
B09J2MM5C6,0.052,0.612,0.336,0.9966
B07Q4QV1DL,0.0,0.682,0.318,0.984
B0B56YRBNT,0.0,0.766,0.234,0.8979
B08K4PSZ3V,0.057,0.728,0.215,0.9882
B0B4F1YC3J,0.038,0.797,0.165,0.9973
B08K4RDQ71,0.057,0.728,0.215,0.9882
B085CZ3SR1,0.024,0.895,0.081,0.6369
B09YV3K34W,0.059,0.71,0.232,0.9968
B09Z6WH2N1,0.01,0.833,0.157,0.9574
B09NL4DJ2Z,0.0,0.713,0.287,0.9817
B0BGSV43WY,0.052,0.885,0.063,0.2598
B0926V9CTV,0.093,0.717,0.19,0.947
B07WGPKMP5,0.045,0.788,0.167,0.9726
B0BBFJ9M3X,0.02,0.91,0.069,0.6689
B09PLFJ7ZW,0.05,0.731,0.22,0.9815
B0B53NXFFR,0.123,0.831,0.045,-0.607
B07GNC2592,0.076,0.808,0.117,0.9069
B09TP5KBN7,0.05,0.711,0.238,0.9134
B0949SBKMP,0.023,0.758,0.219,0.9931
B09V175NP7,0.0,0.738,0.262,0.9459
B07WHSJXLF,0.017,0.86,0.123,0.9764
B0BD3T6Z1D,0.057,0.807,0.136,0.9979
B09LHYZ3GJ,0.053,0.719,0.227,0.9973
B07WFPMGQQ,0.017,0.86,0.123,0.9764
B09QS9X9L8,0.035,0.773,0.192,0.9998
B0B6BLTGTT,0.024,0.819,0.157,0.9876
B084DTMYWK,0.054,0.752,0.194,0.9611
B0B53QLB9H,0.123,0.831,0.045,-0.607
B0BDYW3RN3,0.02,0.841,0.139,0.85
B0B3RS9DNF,0.035,0.751,0.214,0.9995
B09QS9X16F,0.035,0.773,0.192,0.9998
B08HV25BBQ,0.0,0.676,0.324,0.8995
B09LJ116B5,0.053,0.719,0.227,0.9973
B0BMVWKZ8G,0.132,0.868,0.0,-0.8622
B0BD92GDQH,0.073,0.777,0.15,0.9727
B0B5GF6DQD,0.051,0.742,0.208,0.8126
B09JS94MBV,0.069,0.79,0.142,0.5994
B09YV463SW,0.01,0.791,0.199,0.9921
B09NL4DCXK,0.0,0.797,0.203,0.9366
B0B8CHJLWJ,0.093,0.695,0.213,0.9854
B0B8ZWNR5T,0.01,0.833,0.157,0.9574
B0BBFJLP21,0.021,0.907,0.072,0.6689
B01F262EUU,0.071,0.704,0.225,0.9593
B09VZBGL1N,0.0,0.683,0.317,0.936
B0BNVBJW2S,0.06,0.715,0.226,0.9936
B0B2DJ5RVQ,0.075,0.702,0.223,0.9751
B096TWZRJC,0.078,0.764,0.158,0.9864
B09GP6FBZT,0.011,0.752,0.238,0.9982
B0B3DV7S9B,0.135,0.513,0.352,0.9081
B09MKP344P,0.162,0.681,0.156,-0.1435
B08JW1GVS7,0.077,0.832,0.091,0.8861
B09LHZSMRR,0.053,0.719,0.227,0.9973
B0B5V47VK4,0.063,0.732,0.204,0.9996
B08H21B6V7,0.035,0.68,0.285,0.9933
B09BNXQ6BR,0.071,0.828,0.102,0.8573
B01FSYQ2A4,0.081,0.774,0.145,0.9991
B08L5FM4JC,0.02,0.841,0.139,0.85
B0B54Y2SNX,0.045,0.719,0.236,0.9581
B08BQ947H3,0.05,0.836,0.113,0.9981
B0B7DHSKS7,0.114,0.773,0.113,0.6539
B09SJ1FTYV,0.0,0.58,0.42,0.9829
B09XJ5LD6L,0.075,0.794,0.131,0.9974
B07WHS7MZ1,0.076,0.771,0.154,0.9984
B0BBVKRP7B,0.059,0.844,0.098,0.4201
B09NY7W8YD,0.032,0.801,0.167,0.8466
B0BMM7R92G,0.024,0.574,0.403,0.9844
B08M66K48D,0.037,0.723,0.24,0.9944
B09RFB2SJQ,0.0,0.683,0.317,0.984
B0B82YGCF6,0.063,0.829,0.108,0.7245
B08HF4W2CT,0.129,0.769,0.103,-0.4467
B08BCKN299,0.07,0.838,0.092,0.5127
B0B2X35B1K,0.121,0.703,0.176,0.8972
B09QS9CWLV,0.035,0.773,0.192,0.9998
B0B1NX6JTN,0.025,0.853,0.122,0.9473
B078G6ZF5Z,0.074,0.793,0.133,0.8394
B0BBW521YC,0.097,0.691,0.212,0.9625
B09HSKYMB3,0.0,0.893,0.107,0.629
B09YV42QHZ,0.01,0.791,0.199,0.9921
B09BF8JBWX,0.086,0.61,0.303,0.723
B0B5YBGCKD,0.048,0.81,0.141,0.9858
B09MY4W73Q,0.029,0.771,0.201,0.9873
B09T37CKQ5,0.0,0.797,0.203,0.9366
B0B298D54H,0.074,0.788,0.138,0.9413
B08VB57558,0.059,0.782,0.16,0.9997
B0B9BXKBC7,0.012,0.737,0.251,0.9942
B09NY6TRXG,0.097,0.798,0.105,0.383
B09NVPJ3P4,0.057,0.831,0.112,0.7254
B0B3NDPCS9,0.021,0.792,0.188,0.9995
B09VGKFM7Y,0.093,0.705,0.203,0.3612
B07QCWY5XV,0.017,0.874,0.109,0.9266
B098QXR9X2,0.044,0.848,0.108,0.9489
B07H1S7XW8,0.011,0.835,0.153,0.9495
B0BNXFDTZ2,0.042,0.818,0.14,0.9906
B088ZFJY82,0.0,0.682,0.318,0.984
B0B4F4QZ1H,0.038,0.797,0.165,0.9973
B09BCNQ9R2,0.032,0.83,0.138,0.8792
B0B9BD2YL4,0.054,0.708,0.239,0.9971
B01J0XWYKQ,0.07,0.776,0.154,0.9981
B09CTRPSJR,0.011,0.79,0.198,0.9829
B0B72BSW7K,0.077,0.707,0.216,0.988
B07XCM6T4N,0.026,0.817,0.157,0.8817
B07T5DKR5D,0.05,0.739,0.211,0.985
B07JQKQ91F,0.018,0.704,0.278,0.9991
B08W56G1K9,0.021,0.792,0.187,0.9764
B01L8ZNWN2,0.053,0.836,0.111,0.9952
B009VCGPSY,0.015,0.806,0.179,0.9627
B0B296NTFV,0.018,0.744,0.238,0.9949
B07TCN5VR9,0.032,0.81,0.158,0.9956
B00ZYLMQH0,0.095,0.796,0.109,0.381
B01HJI0FS2,0.11,0.816,0.073,-0.838
B076B8G5D8,0.081,0.799,0.12,0.9941
B014SZO90Y,0.0,0.744,0.256,0.9477
B07KCMR8D6,0.0,0.652,0.348,0.9735
B00N1U9AJS,0.0,0.806,0.194,0.8703
B07KY3FNQP,0.045,0.834,0.121,0.9983
B07QZ3CZ48,0.108,0.647,0.245,0.9464
B09T3H12GV,0.039,0.824,0.137,0.9735
B08ZJDWTJ1,0.0,0.792,0.208,0.6757
B08FTFXNNB,0.098,0.746,0.156,0.8687
B08YDFX7Y1,0.083,0.72,0.197,0.9668
B087FXHB6J,0.008,0.908,0.084,0.926
B07N42JB4S,0.009,0.69,0.301,0.9945
B0B31BYXQQ,0.013,0.751,0.236,0.9837
B07SLMR1K6,0.014,0.79,0.196,0.9923
B0846D5CBP,0.045,0.613,0.342,0.9842
B00KXULGJQ,0.029,0.73,0.241,0.9961
B08LPJZSSW,0.019,0.831,0.15,0.9912
B08CYPB15D,0.041,0.757,0.202,0.8559
B00MFPCY5C,0.018,0.781,0.201,0.9647
B07JJFSG2B,0.0,0.828,0.172,0.926
B09NR6G588,0.095,0.779,0.126,0.9192
B07JPX9CR7,0.045,0.806,0.15,0.8977
B08D11DZ2W,0.064,0.806,0.13,0.998
B07Q7561HD,0.0,0.921,0.079,0.3384
B0819HZPXL,0.058,0.71,0.232,0.9941
B00LXTFMRS,0.0,0.715,0.285,0.994
B0B9LDCX89,0.011,0.701,0.288,0.9882
B0765B3TH7,0.028,0.7,0.272,0.9633
B0B1F6GQPS,0.079,0.735,0.185,0.9569
B00AXHBBXU,0.0,0.779,0.221,0.8032
B08MCD9JFY,0.062,0.694,0.244,0.9754
B083RCTXLL,0.079,0.847,0.073,-0.2614
B08HLZ28QC,0.059,0.783,0.158,0.9973
B07GVR9TG7,0.033,0.802,0.165,0.9949
B0856HY85J,0.067,0.766,0.166,0.9954
B07PLHTTB4,0.023,0.781,0.196,0.8005
B077T3BG5L,0.023,0.809,0.168,0.9661
B079Y6JZC8,0.053,0.7,0.247,0.9734
B0856HNMR7,0.111,0.672,0.217,0.9204
B0B12K5BPM,0.08,0.726,0.194,0.9686
B00LVMTA2A,0.0,0.741,0.259,0.8591
B07TR5HSR9,0.037,0.774,0.189,0.9926
B0819ZZK5K,0.024,0.85,0.125,0.9959
B08QJJCY2Q,0.012,0.84,0.148,0.9446
B07L5L4GTB,0.031,0.783,0.186,0.984
B07L8KNP5F,0.068,0.763,0.169,0.998
B08CF4SCNP,0.079,0.793,0.128,0.4588
B09XX51X2G,0.045,0.859,0.096,0.6576
B01M72LILF,0.047,0.866,0.087,0.8062
B00LZLQ624,0.049,0.826,0.125,0.9748
B09GB5B4BK,0.083,0.787,0.13,0.7249
B015ZXUDD0,0.061,0.836,0.103,0.8656
B09PL79D2X,0.087,0.73,0.183,0.9973
B098K3H92Z,0.035,0.884,0.081,0.9983
B084PJSSQ1,0.028,0.852,0.121,0.9778
B097C564GC,0.028,0.92,0.052,0.1416
B08CYNJ5KY,0.022,0.803,0.175,0.8244
B00Y4ORQ46,0.042,0.802,0.156,0.997
B074CWD7MS,0.016,0.793,0.191,0.9962
B00UGZWM2I,0.024,0.806,0.171,0.9721
B00R1P3B4O,0.126,0.655,0.219,0.2687
B09DG9VNWB,0.029,0.846,0.125,0.9918
B09Y5MP7C4,0.064,0.724,0.212,0.9951
B01DJJVFPC,0.063,0.794,0.143,0.8117
B07DFYJRQV,0.04,0.82,0.14,0.8767
B08L879JSN,0.01,0.828,0.162,0.9748
B08TDJNM3G,0.105,0.772,0.123,0.3125
B06XSK3XL6,0.032,0.878,0.09,0.6996
B07YNTJ8ZM,0.051,0.864,0.085,0.9837
B07KR5P3YD,0.052,0.905,0.043,-0.2263
B08FB2LNSZ,0.161,0.695,0.144,-0.1973
B01IBRHE3E,0.022,0.804,0.175,0.9441
B07XLML2YS,0.034,0.776,0.19,0.9959
B086WMSCN3,0.093,0.799,0.107,0.7348
B003B00484,0.016,0.782,0.202,0.9879
B003L62T7W,0.0,0.794,0.206,0.9614
B09P18XVW6,0.05,0.731,0.22,0.9815
B00LZLPYHW,0.0,0.811,0.189,0.9666
B00NNQMYNE,0.01,0.786,0.204,0.9781
B0B217Z5VK,0.018,0.756,0.226,0.9817
B07B88KQZ8,0.048,0.75,0.201,0.9945
B07Z3K96FR,0.028,0.672,0.3,0.99
B0756CLQWL,0.044,0.685,0.272,0.9978
B004IO5BMQ,0.05,0.771,0.179,0.9944
B01N4EV2TL,0.077,0.783,0.141,0.8963
B08MZQBFLN,0.049,0.721,0.23,0.9001
B0752LL57V,0.051,0.768,0.181,0.7958
B09Z28BQZT,0.063,0.802,0.135,0.9466
B094DQWV9B,0.019,0.855,0.125,0.9535
B0BBMPH39N,0.059,0.77,0.171,0.9482
B097JQ1J5G,0.145,0.746,0.109,-0.8677
B07YY1BY5B,0.0,0.676,0.324,0.8995
B08VRMK55F,0.045,0.844,0.111,0.9809
B08CHZ3ZQ7,0.04,0.716,0.245,0.9989
B08SCCG9D4,0.03,0.84,0.129,0.8619
B0972BQ2RS,0.017,0.788,0.195,0.9851
B00ZRBWPA0,0.0,0.648,0.352,0.8271
B0B2DD66GS,0.084,0.814,0.103,0.2389
B09M869Z5V,0.043,0.879,0.079,0.9189
B07W6VWZ8C,0.03,0.716,0.254,0.9868
B07Z1X6VFC,0.0,0.798,0.202,0.9721
B07YL54NVJ,0.0,0.829,0.171,0.9708
B0759QMF85,0.038,0.812,0.15,0.9981
B00LM4X0KU,0.018,0.79,0.192,0.9468
B08PFSZ7FH,0.105,0.707,0.188,0.9093
B012MQS060,0.038,0.863,0.099,0.9744
B00LHZWD0C,0.081,0.786,0.132,0.9046
B08QDPB1SL,0.033,0.844,0.122,0.7269
B07BRKK9JQ,0.075,0.732,0.193,0.9834
B01EZ0X3L8,0.096,0.786,0.119,0.649
B00LM4W1N2,0.0,0.71,0.29,0.9827
B08YD264ZS,0.027,0.705,0.268,0.9983
B00GZLB57U,0.0,0.645,0.355,0.9383
B07V82W5CN,0.147,0.752,0.101,-0.7564
B08HD7JQHX,0.048,0.74,0.211,0.9845
B0B31FR4Y2,0.02,0.741,0.238,0.9964
B09Y14JLP3,0.0,0.683,0.317,0.936
B09ZHCJDP1,0.006,0.796,0.198,0.9935
B08C4Z69LN,0.052,0.811,0.137,0.994
B016XVRKZM,0.047,0.889,0.063,0.9788
B00LHZW3XY,0.03,0.683,0.288,0.9825
B098JYT4SY,0.037,0.693,0.27,0.9298
B08CFCK6CW,0.038,0.876,0.086,0.7308
B09P564ZTJ,0.056,0.704,0.24,0.9953
B07MSLTW8Z,0.067,0.869,0.064,0.1823
B09N6TTHT6,0.066,0.777,0.158,0.7933
B098R25TGC,0.066,0.808,0.126,0.9976
B0B2PQL5N3,0.023,0.734,0.242,0.9926
B07DKZCZ89,0.026,0.646,0.328,0.9962
B08GYG6T12,0.153,0.641,0.206,0.5574
B09BN2NPBD,0.065,0.804,0.131,0.8839
B00J4YG0PC,0.031,0.613,0.356,0.9915
B073BRXPZX,0.013,0.751,0.236,0.9949
B08LHTJTBB,0.019,0.812,0.169,0.9968
B07VTFN6HM,0.05,0.804,0.146,0.9956
B008QS9J6Y,0.02,0.792,0.188,0.9964
B09M8888DM,0.059,0.839,0.102,0.959
B07Z1YVP72,0.0,0.685,0.315,0.9834
B082FTPRSK,0.049,0.765,0.186,0.9938
B09RF2QXGX,0.017,0.824,0.159,0.9675
B01KK0HU3Y,0.068,0.771,0.162,0.9243
B07JF9B592,0.028,0.822,0.15,0.998
B086394NY5,0.011,0.798,0.191,0.9716
B017PDR9N0,0.033,0.635,0.331,0.9569
B07NC12T2R,0.04,0.808,0.152,0.9989
B07WKBD37W,0.035,0.834,0.131,0.7906
B08JMC1988,0.019,0.787,0.193,0.9682
B09GFN8WZL,0.024,0.844,0.131,0.7554
B095X38CJS,0.0,0.825,0.175,0.9359
B07ZKD8T1Q,0.058,0.847,0.095,0.9331
B07G3YNLJB,0.035,0.834,0.131,0.9929
B00P93X2H6,0.0,0.791,0.209,0.9081
B0798PJPCL,0.012,0.788,0.2,0.9977
B09GFWJDY1,0.035,0.742,0.223,0.9871
B09MZ6WZ6V,0.057,0.713,0.23,0.9866
B094QZLJQ6,0.019,0.855,0.126,0.697
B07L3NDN24,0.089,0.727,0.183,0.8688
B08WD18LJZ,0.008,0.714,0.277,0.9931
B06XDKWLJH,0.019,0.85,0.131,0.9613
B01J1CFO5I,0.056,0.754,0.19,0.9537
B07J2NGB69,0.087,0.795,0.118,0.2834
B00MUTWLW4,0.04,0.815,0.145,0.9956
B017NC2IPM,0.054,0.805,0.142,0.9761
B00N1U7JXM,0.053,0.822,0.125,0.5574
B08HQL67D6,0.0,0.76,0.24,0.9397
B09RKFBCV7,0.151,0.752,0.097,-0.9273
B08KHM9VBJ,0.132,0.787,0.081,-0.8254
B01IOZUHRS,0.034,0.92,0.045,0.1779
B00CEQEGPI,0.065,0.784,0.151,0.9986
B08B6XWQ1C,0.059,0.64,0.301,0.9912
B01DGVKBC6,0.047,0.739,0.214,0.9106
B08JD36C6H,0.0,0.883,0.117,0.9172
B00E3DVQFS,0.095,0.795,0.11,0.4127
B00BN5SNF0,0.072,0.864,0.065,-0.1774
B09SGGRKV8,0.063,0.706,0.232,0.9883
B084BR3QX8,0.158,0.708,0.134,-0.4939
B09VC2D2WG,0.029,0.764,0.207,0.9893
B09163Q5CD,0.044,0.865,0.091,0.9587
B08K9PX15C,0.0,0.785,0.215,0.9848
B083RD1J99,0.0,0.744,0.256,0.9962
B09Z7YGV3R,0.032,0.755,0.213,0.9861
B00N3XLDW0,0.083,0.873,0.044,-0.81
B07Z53L5QL,0.038,0.707,0.255,0.9954
B00P93X0VO,0.008,0.823,0.17,0.9672
B07SBGFDX9,0.046,0.867,0.087,0.3716
B07X2L5Z8C,0.027,0.742,0.23,0.9933
B00VA7YYUO,0.0,0.686,0.314,0.9294
B07L9FW9GF,0.0,0.826,0.174,0.9623
B08D64C9FN,0.015,0.682,0.304,0.9992
B00LOD70SC,0.0,0.672,0.328,0.9883
B09X76VL5L,0.062,0.853,0.085,0.5379
B091JF2TFD,0.074,0.736,0.19,0.9777
B07S7DCJKS,0.0,0.849,0.151,0.6908
B09NC2TY11,0.0,0.827,0.173,0.8518
B0BDS8MY8J,0.095,0.716,0.188,0.9837
B09YV575RK,0.047,0.845,0.108,0.8135
B08LW31NQ6,0.0,0.611,0.389,0.9928
B09ND94ZRG,0.088,0.805,0.107,0.9448
B00P93X6EK,0.0,0.824,0.176,0.9781
B0994GP1CX,0.024,0.77,0.205,0.93
B07H8W9PB6,0.026,0.771,0.203,0.9505
B09NNHFSSF,0.0,0.649,0.351,0.9611
B08D9NDZ1Y,0.049,0.875,0.077,0.9559
B0085IATT6,0.047,0.848,0.105,0.7767
B08WJ86PV2,0.024,0.818,0.158,0.9714
B078HRR1XV,0.063,0.715,0.222,0.9866
B09P22HXH6,0.0,0.774,0.226,0.9962
B00LM4X3XE,0.0,0.736,0.264,0.9891
B09YLFHFDW,0.068,0.806,0.126,0.9972
B07YWS9SP9,0.016,0.868,0.117,0.983
B08WLY8V9S,0.024,0.685,0.291,0.9967
B0873L7J6X,0.077,0.8,0.122,0.9874
B07YNHCW6N,0.055,0.804,0.142,0.8209
B01MQ2A86A,0.028,0.73,0.242,0.9944
B00KIE28X0,0.0,0.578,0.422,0.8591
B0BHYJ8CVF,0.037,0.819,0.144,0.9894
B0BCVJ3PVP,0.0,0.8,0.2,0.9771
B0B2931FCV,0.039,0.768,0.193,0.9818
B09TMZ1MF8,0.058,0.669,0.273,0.9909
B07VV37FT4,0.035,0.869,0.096,0.5423
B07JB2Y4SR,0.19,0.657,0.153,-0.5688
B08KRMK9LZ,0.045,0.769,0.186,0.9755
B08LT9BMPP,0.056,0.748,0.197,0.9964
B0814ZY6FP,0.12,0.725,0.155,0.8894
B09F3PDDRF,0.032,0.809,0.158,0.9923
B07X963JNS,0.129,0.769,0.103,-0.4467
B09LD3116F,0.042,0.834,0.123,0.9822
B08Y5QJTVK,0.026,0.858,0.115,0.8715
B00LY1FN1K,0.0,0.79,0.21,0.91
B07DJ5KYDZ,0.061,0.82,0.119,0.8682
B009LJ2BXA,0.15,0.683,0.168,0.7204
B09BVCVTBC,0.031,0.769,0.199,0.9983
B07SY4C3TD,0.05,0.775,0.175,0.9601
B094JB13XL,0.071,0.828,0.102,0.8573
B08CRRQK6Z,0.019,0.793,0.188,0.9975
B08MTLLSL8,0.0,0.738,0.262,0.9748
B08Y57TPDM,0.0,0.919,0.081,0.7687
B09CYTJV3N,0.078,0.798,0.124,0.9842
B07GLNJC25,0.05,0.783,0.167,0.8336
B08FY4FG5X,0.034,0.779,0.187,0.9992
B07TMCXRFV,0.082,0.751,0.167,0.9823
B00LZPQVMK,0.094,0.789,0.117,0.4215
B08X77LM8C,0.026,0.724,0.25,0.9912
B01EJ5MM5M,0.058,0.872,0.071,0.5756
B08J82K4GX,0.072,0.78,0.147,0.9949
B07Z1Z77ZZ,0.111,0.744,0.146,0.7767
B00DJ5N9VK,0.022,0.794,0.184,0.9867
B08FGNPQ9X,0.08,0.769,0.151,0.9943
B07NTKGW45,0.017,0.916,0.067,0.8371
B08J4PL1Z3,0.085,0.821,0.094,0.791
B07XJWTYM2,0.042,0.759,0.199,0.9999
B09939XJX8,0.03,0.571,0.4,0.984
B09MDCZJXS,0.036,0.588,0.377,0.9962
B08CTQP51L,0.073,0.717,0.209,0.9771
B0BG62HMDJ,0.041,0.576,0.383,0.978
B08GTYFC37,0.047,0.888,0.065,0.421
B08SBH499M,0.057,0.699,0.244,0.9575
B08FYB5HHK,0.053,0.791,0.156,0.9919
B0B5GJRTHB,0.134,0.741,0.125,0.3841
B09GBBJV72,0.014,0.791,0.195,0.9885
B07P434WJY,0.043,0.698,0.258,0.985
B07T9FV9YP,0.058,0.801,0.141,0.9892
B08WKFSN84,0.073,0.622,0.305,0.9895
B09TBCVJS3,0.04,0.811,0.149,0.9991
B08TR61BVK,0.025,0.735,0.24,0.9972
B0B2CPVXHX,0.162,0.686,0.152,-0.2942
B08XNL93PL,0.061,0.803,0.137,0.9796
B088GXTJM3,0.03,0.715,0.255,0.9776
B099S26HWG,0.0,1.0,0.0,0.0
B08461VC1Z,0.0,0.763,0.237,0.9959
B00K32PEW4,0.07,0.93,0.0,-0.2755
B07LFWP97N,0.027,0.705,0.268,0.991
B0746N6WML,0.0,0.677,0.323,0.936
B07W9KYT62,0.034,0.854,0.112,0.9982
B08D9MNH4B,0.057,0.878,0.065,0.3244
B09MKG4ZCM,0.074,0.838,0.088,0.3887
B07RZZ1QSW,0.061,0.719,0.221,0.9822
B07222HQKP,0.024,0.811,0.165,0.9881
B00NFD0ETQ,0.048,0.768,0.184,0.996
B075DB1F13,0.1,0.782,0.118,0.7725
B0148NPH9I,0.044,0.806,0.15,0.9991
B01JOFKL0A,0.079,0.78,0.141,0.9909
B079S811J3,0.108,0.762,0.13,0.9747
B0083T231O,0.15,0.694,0.156,0.2393
B086PXQ2R4,0.108,0.77,0.122,-0.0344
B07L1N3TJX,0.054,0.804,0.143,0.9825
B07YFWVRCM,0.032,0.849,0.119,0.9813
B08TDJ5BVF,0.059,0.866,0.075,0.0757
B09XXZXQC1,0.046,0.822,0.132,0.9996
B083T5G5PM,0.068,0.777,0.155,0.9995
B0BHVPTM2C,0.025,0.691,0.284,0.9838
B01NBX5RSB,0.0,1.0,0.0,0.0
B08MWJTST6,0.063,0.806,0.131,0.8826
B07R99NBVB,0.045,0.782,0.173,0.9928
B00LY12TH6,0.013,0.813,0.174,0.9347
B08497Z1MQ,0.102,0.699,0.199,0.8875
B07KNM95JK,0.0,0.855,0.145,0.3716
B09Q3M3WLJ,0.023,0.939,0.038,-0.0387
B09B9SPC7F,0.0,0.853,0.147,0.8478
B099SD8PRP,0.047,0.667,0.286,0.9803
B00S2SEV7K,0.053,0.784,0.164,0.991
B08WKCTFF3,0.019,0.831,0.149,0.9842
B08498D67S,0.075,0.813,0.112,0.9338
B00C3GBCIS,0.047,0.785,0.169,0.9267
B00URH5E34,0.04,0.753,0.207,0.7369
B00EYW1U68,0.058,0.824,0.118,0.9846
B08SMJT55F,0.094,0.752,0.154,0.9415
B08Y7MXFMK,0.085,0.768,0.147,0.9771
B086Q3QMFS,0.029,0.653,0.318,0.9707
B08498H13H,0.032,0.74,0.228,0.9972
B07LFQLKFZ,0.035,0.765,0.199,0.9652
B00LY17RHI,0.037,0.777,0.185,0.9998
B07W14CHV8,0.103,0.786,0.111,0.3206
B09F5Z694W,0.045,0.881,0.074,0.9784
B0B25LQQPC,0.034,0.832,0.134,0.9941
B01LYLJ99X,0.022,0.764,0.214,0.9332
B014SZPBM4,0.0,0.882,0.118,0.921
B08CZHGHKH,0.0,0.784,0.216,0.9859
B0B2RBP83P,0.061,0.83,0.109,0.9144
B078W65FJ7,0.083,0.752,0.165,0.9813
B08S74GTBT,0.03,0.883,0.088,0.9767
B07QMRHWJD,0.013,0.748,0.239,0.9942
B07W7Z6DVL,0.037,0.784,0.179,0.8875
B00H47GVGY,0.0,0.758,0.242,0.9393
B07VX71FZP,0.0,0.646,0.354,0.9477
B07NCKMXVZ,0.08,0.741,0.178,0.9597
B0B61DSF17,0.021,0.854,0.125,0.8603
B07VQGVL68,0.105,0.757,0.137,0.4019
B07VNFP3C2,0.119,0.781,0.1,-0.4497
B00LUGTJGO,0.0,0.935,0.065,0.2732
B01MQZ7J8K,0.081,0.601,0.317,0.9473
B01GFTEV5Y,0.0,0.963,0.037,0.4939
B00NW4UWN6,0.074,0.779,0.146,0.956
B01NCVJMKX,0.076,0.744,0.179,0.9973
B00O24PUO6,0.081,0.793,0.126,0.5913
B07GXPDLYQ,0.091,0.72,0.189,0.9396
B01C8P29N0,0.153,0.65,0.198,0.7317
B08KDBLMQP,0.0,0.889,0.111,0.9412
B078JDNZJ8,0.032,0.782,0.187,0.9941
B01M5F614J,0.103,0.836,0.061,-0.8605
B083GKDRKR,0.01,0.834,0.156,0.9638
B097R2V1W8,0.054,0.784,0.162,0.9216
B07YR26BJ3,0.026,0.731,0.243,0.9829
B097R45BH8,0.031,0.763,0.206,0.9789
B09X5C9VLK,0.0,0.733,0.267,0.962
B01C8P29T4,0.062,0.736,0.202,0.9315
B00HVXS7WC,0.124,0.567,0.309,0.9286
B096YCN3SD,0.0,0.703,0.297,0.9538
B09LQH3SD9,0.031,0.797,0.172,0.9182
B09KNMLH4Y,0.063,0.792,0.145,0.9311
B00ABMASXG,0.045,0.859,0.096,0.6974
B07QDSN9V6,0.023,0.7,0.277,0.9823
B00YMJ0OI8,0.06,0.825,0.115,0.7615
B0B8XNPQPN,0.087,0.745,0.168,0.9727
B0814P4L98,0.0,0.591,0.409,0.9748
B008QTK47Q,0.051,0.819,0.13,0.9998
B088ZTJT2R,0.085,0.828,0.087,0.5014
B0BK1K598K,0.0,0.67,0.33,0.9843
B09Y5FZK9N,0.04,0.736,0.225,0.9889
B09J2SCVQT,0.033,0.776,0.192,0.9877
B00TDD0YM4,0.046,0.684,0.27,0.9773
B078KRFWQB,0.125,0.799,0.076,-0.7187
B07SRM58TP,0.075,0.73,0.195,0.9984
B00EDJJ7FS,0.083,0.781,0.136,0.9963
B0832W3B7Q,0.0,0.831,0.169,0.9231
B07WNK1FFN,0.059,0.8,0.141,0.9962
B009P2LK08,0.018,0.92,0.062,0.6486
B07DGD4Z4C,0.096,0.746,0.159,0.8857
B07GMFY9QM,0.0,0.702,0.298,0.9844
B0BGPN4GGH,0.0,0.682,0.318,0.91
B0B2DZ5S6R,0.05,0.736,0.215,0.8845
B07S851WX5,0.039,0.709,0.252,0.994
B01MY839VW,0.0,0.76,0.24,0.934
B09LV1CMGH,0.044,0.836,0.12,0.7918
B01EY310UM,0.0,0.675,0.325,0.9707
B09NL7LBWT,0.034,0.747,0.219,0.995
B008YW8M0G,0.035,0.706,0.259,0.9822
B097R3XH9R,0.0,0.955,0.045,0.5233
B08TM71L54,0.022,0.855,0.123,0.987
B0BPBXNQQT,0.02,0.602,0.378,0.9929
B00W56GLOQ,0.021,0.78,0.199,0.9976
B0883KDSXC,0.0,0.667,0.333,0.7906
B078V8R9BS,0.023,0.834,0.144,0.9212
B08GSQXLJ2,0.057,0.849,0.094,0.882
B01M5B0TPW,0.0,0.829,0.171,0.9905
B082KVTRW8,0.0,0.755,0.245,0.9062
B08CFJBZRK,0.038,0.736,0.226,0.9611
B07H3WDC4X,0.038,0.809,0.152,0.9858
B09ZTZ9N3Q,0.095,0.809,0.096,-0.4121
B083P71WKK,0.019,0.788,0.193,0.9386
B097R4D42G,0.029,0.766,0.205,0.9932
B07MKMFKPG,0.059,0.786,0.155,0.9993
B0949FPSFY,0.025,0.838,0.137,0.9865
B08F47T4X5,0.026,0.754,0.22,0.9679
B01M0505SJ,0.051,0.742,0.207,0.9072
B08D6RCM3Q,0.0,0.735,0.265,0.9743
B009P2LITG,0.0,0.775,0.225,0.9724
B00V9NHDI4,0.039,0.696,0.266,0.9841
B07WGPBXY9,0.0,0.721,0.279,0.9866
B00KRCBA6E,0.085,0.789,0.126,0.8687
B0B3X2BY3M,0.015,0.833,0.152,0.9553
B00F159RIK,0.0,0.685,0.315,0.9384
B08MV82R99,0.0,0.847,0.153,0.9285
B09VKWGZD7,0.083,0.801,0.116,0.9048
B009P2LK80,0.12,0.801,0.079,-0.9552
B00A7PLVU6,0.0,0.748,0.252,0.9418
B0B25DJ352,0.03,0.679,0.291,0.9915
B013B2WGT6,0.027,0.834,0.14,0.9683
B097RJ867P,0.0,0.651,0.349,0.9976
B091V8HK8Z,0.078,0.784,0.138,0.3374
B071VNHMX2,0.025,0.811,0.165,0.9517
B08MVSGXMY,0.067,0.861,0.071,0.3612
B00H0B29DI,0.07,0.807,0.123,0.9977
B01GZSQJPA,0.099,0.756,0.146,0.6641
B08VGFX2B6,0.058,0.826,0.116,0.7778
B09GYBZPHF,0.064,0.826,0.109,0.4497
B0B4KPCBSH,0.13,0.839,0.031,-0.9396
B09CGLY5CX,0.062,0.773,0.165,0.8294
B09JN37WBX,0.028,0.808,0.164,0.891
B01I1LDZGA,0.013,0.821,0.166,0.9763
B0BN2576GQ,0.0,0.707,0.293,0.904
B06XPYRWV5,0.066,0.78,0.154,0.7892
B01N1XVVLC,0.025,0.817,0.158,0.9954
B00O2R38C4,0.091,0.701,0.208,0.9462
B0B2CZTCL2,0.089,0.756,0.155,0.968
B00PVT30YI,0.034,0.79,0.176,0.964
B00SH18114,0.0,0.74,0.26,0.9889
B00E9G8KOY,0.023,0.851,0.126,0.7771
B00H3H03Q4,0.103,0.465,0.432,0.872
B0756K5DYZ,0.066,0.877,0.057,-0.1465
B0188KPKB2,0.036,0.802,0.162,0.8271
B091KNVNS9,0.076,0.836,0.089,0.2243
B075JJ5NQC,0.117,0.722,0.161,0.2023
B0B5KZ3C53,0.021,0.857,0.121,0.9649
B09NTHQRW3,0.105,0.736,0.159,0.9598
B008YW3CYM,0.049,0.769,0.182,0.9617
B07QHHCB27,0.024,0.841,0.135,0.9485
B0BMFD94VD,0.0,0.756,0.244,0.8246
B00HZIOGXW,0.061,0.842,0.097,0.708
B09CKSYBLR,0.037,0.688,0.275,0.9776
B072J83V9W,0.027,0.81,0.163,0.9995
B09MTLG4TP,0.022,0.747,0.231,0.9868
B097XJQZ8H,0.046,0.706,0.249,0.9967
B00935MD1C,0.086,0.833,0.081,-0.0516
B0BR4F878Q,0.0,0.53,0.47,0.9349
B0B3G5XZN5,0.061,0.824,0.115,0.9336
B07WKB69RS,0.013,0.874,0.114,0.9479
B09DL9978Y,0.06,0.859,0.081,0.3437
B06XMZV7RH,0.156,0.681,0.163,-0.115
B09WMTJPG7,0.037,0.843,0.121,0.9764
B09ZK6THRR,0.0,0.802,0.198,0.685
B07MP21WJD,0.016,0.677,0.308,0.9714
B09XB1R2F3,0.058,0.781,0.161,0.9503
B08Y5QJXSR,0.042,0.836,0.123,0.7005
B07WJXCTG9,0.0,0.973,0.027,0.2838
B09NBZ36F7,0.09,0.808,0.102,0.1154
B0912WJ87V,0.097,0.699,0.204,0.9761
B0BMTZ4T1D,0.017,0.774,0.209,0.9571
B07Z51CGGH,0.009,0.77,0.221,0.9778
B0BDG6QDYD,0.019,0.806,0.175,0.886
B00YQLG7GK,0.017,0.636,0.347,0.9857
B00SMJPA9C,0.0,0.937,0.063,0.4754
B0B9RN5X8B,0.0,0.802,0.198,0.8442
B08QW937WV,0.0,0.697,0.303,0.9166
B0B4PPD89B,0.065,0.828,0.107,0.5082
B08GM5S4CQ,0.049,0.815,0.137,0.9746
B00NM6MO26,0.069,0.797,0.134,0.7912
B083M7WPZD,0.081,0.746,0.173,0.4939
B07GLSKXS1,0.0,0.821,0.179,0.8504
B09F6KL23R,0.078,0.659,0.263,0.9549
B094G9L9LT,0.13,0.838,0.032,-0.9019
B09FZ89DK6,0.045,0.723,0.232,0.9941
B0811VCGL5,0.032,0.84,0.128,0.9977
B07FXLC2G2,0.0,0.939,0.061,0.6542
B01LYU3BZF,0.05,0.689,0.261,0.9844
B083RC4WFJ,0.031,0.713,0.256,0.9728
B09SFRNKSR,0.0,0.737,0.263,0.989
B07NRTCDS5,0.048,0.757,0.194,0.9144
B07SPVMSC6,0.048,0.773,0.179,0.9601
B09H3BXWTK,0.11,0.737,0.153,0.8734
B0073QGKAS,0.022,0.794,0.184,0.9475
B08GJ57MKL,0.044,0.782,0.174,0.9977
B009DA69W6,0.054,0.77,0.176,0.8671
B099PR2GQJ,0.048,0.826,0.126,0.9001
B08G8H8DPL,0.042,0.69,0.268,0.9753
B08VGM3YMF,0.105,0.686,0.209,0.9227
B08TTRVWKY,0.024,0.668,0.308,0.9776
B07T4D9FNY,0.0,0.699,0.301,0.915
B07RX42D3D,0.06,0.844,0.096,0.1126
B08WRKSF9D,0.065,0.843,0.093,0.8834
B09R83SFYV,0.0,0.857,0.143,0.8844
B07989VV5K,0.065,0.778,0.157,0.7312
B07FL3WRX5,0.059,0.704,0.237,0.9969
B0BPCJM7TB,0.0,0.629,0.371,0.9926
B08H673XKN,0.074,0.693,0.233,0.9921
B07DXRGWDJ,0.043,0.856,0.1,0.9393
B08243SKCK,0.014,0.845,0.141,0.8872
B09SPTNG58,0.069,0.787,0.144,0.6249
B083J64CBB,0.028,0.898,0.074,0.5243
B08JV91JTK,0.0,0.804,0.196,0.9866
B0BQ3K23Y1,0.005,0.665,0.33,0.9995
B09MT94QLL,0.041,0.818,0.142,0.4246
B07NKNBTT3,0.023,0.66,0.317,0.9967
B09KPXTZXN,0.0,0.663,0.337,0.9776
B078HG2ZPS,0.0,0.684,0.316,0.8966
B07N2MGB3G,0.042,0.66,0.298,0.9966
B008LN8KDM,0.071,0.691,0.238,0.9745
B08MZNT7GP,0.044,0.85,0.105,0.9579
B009P2L7CO,0.0,0.734,0.266,0.765
B07YC8JHMB,0.087,0.792,0.121,0.926
B0BNQMF152,0.015,0.762,0.222,0.9698
B08J7VCT12,0.043,0.844,0.113,0.802
B0989W6J2F,0.016,0.663,0.321,0.9908
B0B84KSH3X,0.0,0.757,0.243,0.9331
B08HLC7Z3G,0.039,0.859,0.102,0.9489
B0BN6M3TCM,0.0,0.781,0.219,0.9949
B01L6MT7E0,0.042,0.867,0.091,0.9947
B0B9F9PT8R,0.041,0.778,0.18,0.9977
B0883LQJ6B,0.069,0.748,0.183,0.9206
B099Z83VRC,0.049,0.787,0.164,0.9743
B00S9BSJC8,0.042,0.766,0.191,0.9995
B0B4SJKRDF,0.02,0.688,0.292,0.9907
B0BM4KTNL1,0.043,0.787,0.169,0.9048
B08S6RKT4L,0.043,0.805,0.152,0.9684
B09SZ5TWHW,0.128,0.758,0.115,-0.3662
B0BLC2BYPX,0.007,0.764,0.23,0.9952
B00P0R95EA,0.0,0.657,0.343,0.8885
B07W4HTS8Q,0.093,0.556,0.351,0.974
B078JBK4GX,0.0,0.711,0.289,0.9934
B08S7V8YTN,0.0,0.675,0.325,0.9933
B07H5PBN54,0.023,0.692,0.285,0.9959
B07YCBSCYB,0.063,0.655,0.282,0.9467
B098T9CJVQ,0.028,0.648,0.325,0.9904
B01KCSGBU2,0.057,0.812,0.131,0.9536
B095XCRDQW,0.138,0.779,0.083,-0.9399
B09CTWFV5W,0.038,0.781,0.18,0.9709
B0B7NWGXS6,0.167,0.745,0.089,-0.296
B07DZ986Q2,0.095,0.81,0.094,0.0582
B07KKJPTWB,0.071,0.744,0.185,0.9675
B071R3LHFM,0.086,0.84,0.074,-0.0735
B086X18Q71,0.08,0.781,0.14,0.9348
B07WVQG8WZ,0.059,0.767,0.175,0.9966
B0BFBNXS94,0.113,0.778,0.109,-0.0258
B071113J7M,0.028,0.76,0.212,0.9908
B09YLWT89W,0.079,0.827,0.094,0.9792
B0814LP6S9,0.0,0.863,0.137,0.8951
B07BKSSDR2,0.03,0.872,0.099,0.965
B09VGS66FV,0.038,0.737,0.225,0.9913
B07RCGTZ4M,0.055,0.759,0.186,0.9966
B0747VDH9L,0.007,0.88,0.113,0.9757
B08XLR6DSB,0.023,0.727,0.251,0.9863
B08H6CZSHT,0.026,0.716,0.258,0.9594
B07CVR2L5K,0.048,0.717,0.235,0.9854
B09J4YQYX3,0.046,0.762,0.192,0.9927
B0B2DD8BQ8,0.097,0.725,0.178,0.9797
B0123P3PWE,0.064,0.811,0.125,0.4885
B08HDCWDXD,0.1,0.726,0.174,0.8767
B0836JGZ74,0.073,0.868,0.059,-0.0462
B0BCKJJN8R,0.055,0.871,0.073,0.8309
